    unsorted:	 0.03737676141 0.02994611317 0.02083860659 0.001923241494 0.1044394909 0.1251563709 0.1565726049 0.1582296453 0.7047107308 2.206310171 2.457529179 4.352093870 5.365507650 6.172847607 7.585383971 7.796411063 8.141544861 14.35935211 20.31523012 23.69103672 25.22541961 31.39824828 45.01835039 50.72562875 58.62513326 63.51168632 72.61664996 85.32906589 83.98480511 76.48453945 97.64984747 111.8005006 111.7577691 108.9830155 123.3442611 124.3029892 125.2829554 142.8951339 145.4899828 138.4661585 150.7890809 151.7721611 156.2614634 167.5665747 175.1591900 178.4742065 216.2472170 216.2106861 188.9789311 187.3022369 229.8809502 230.2358418 231.2732476 227.2787810 238.0200949 242.2151744 243.1646623 248.7756233 258.4505747 258.5430577 258.7583915 257.9811823 255.6716156 251.0696932 261.8591066 264.1940570 265.0484972 211.5680472 273.1441707 272.5808129 282.4052845 283.4697917 287.4622041 292.6318984 298.7159208 312.3162419 319.7601471 322.7719483 340.0114435 350.0752914 355.9654361 366.4992207 376.2338771 390.6586251 406.0827997 420.0658638 422.4558046 459.8102023 471.8738644 491.1238981 532.7175603 562.9673560 568.1900484 605.9459815 638.3633133 714.5566453 725.9451165 776.4854362 804.6973867 851.4683979 925.6808553 1059.693150 1102.587541 1222.591838 1260.912675 1336.435849 1601.384091 1706.566830 1720.759753 1875.361670 1955.797892 2102.901158 2223.186787 2417.732624 2469.872436 2645.616406 2757.804121 3738.587057 3768.618572 6197.890710 6200.685928 6204.274024 6192.309557 6183.113671 6211.020901 6168.352347 6168.416284 6222.860630 6141.791628 6245.359068 6261.466290 6292.008275 6336.468089 6421.716678 6390.106643 6438.970409 5422.181561 5178.576468 6672.995029 6819.828738 7452.509885 8056.908604 8385.205671 9087.902114 9207.242746 10180.78033 11216.83982 19498.55743 26115.84900 25003.42347 29698.69414 35466.37501 41980.48830 44214.45721 88382.59655 311522.9544 415059.2881 1271025.324 3067663.631 7768102.972 49725337.53
      sorted:	 0.001923241494 0.02083860659 0.02994611317 0.03737676141 0.1044394909 0.1251563709 0.1565726049 0.1582296453 0.7047107308 2.206310171 2.457529179 4.352093870 5.365507650 6.172847607 7.585383971 7.796411063 8.141544861 14.35935211 20.31523012 23.69103672 25.22541961 31.39824828 45.01835039 50.72562875 58.62513326 63.51168632 72.61664996 76.48453945 83.98480511 85.32906589 97.64984747 108.9830155 111.7577691 111.8005006 123.3442611 124.3029892 125.2829554 138.4661585 142.8951339 145.4899828 150.7890809 151.7721611 156.2614634 167.5665747 175.1591900 178.4742065 187.3022369 188.9789311 211.5680472 216.2106861 216.2472170 227.2787810 229.8809502 230.2358418 231.2732476 238.0200949 242.2151744 243.1646623 248.7756233 251.0696932 255.6716156 257.9811823 258.4505747 258.5430577 258.7583915 261.8591066 264.1940570 265.0484972 272.5808129 273.1441707 282.4052845 283.4697917 287.4622041 292.6318984 298.7159208 312.3162419 319.7601471 322.7719483 340.0114435 350.0752914 355.9654361 366.4992207 376.2338771 390.6586251 406.0827997 420.0658638 422.4558046 459.8102023 471.8738644 491.1238981 532.7175603 562.9673560 568.1900484 605.9459815 638.3633133 714.5566453 725.9451165 776.4854362 804.6973867 851.4683979 925.6808553 1059.693150 1102.587541 1222.591838 1260.912675 1336.435849 1601.384091 1706.566830 1720.759753 1875.361670 1955.797892 2102.901158 2223.186787 2417.732624 2469.872436 2645.616406 2757.804121 3738.587057 3768.618572 5178.576468 5422.181561 6141.791628 6168.352347 6168.416284 6183.113671 6192.309557 6197.890710 6200.685928 6204.274024 6211.020901 6222.860630 6245.359068 6261.466290 6292.008275 6336.468089 6390.106643 6421.716678 6438.970409 6672.995029 6819.828738 7452.509885 8056.908604 8385.205671 9087.902114 9207.242746 10180.78033 11216.83982 19498.55743 25003.42347 26115.84900 29698.69414 35466.37501 41980.48830 44214.45721 88382.59655 311522.9544 415059.2881 1271025.324 3067663.631 7768102.972 49725337.53
