    unsorted:	 239.8862185 239.8862185 239.8862185 239.8862185 239.8862185 239.8862185 239.8862185 239.8862185 239.8862185 239.8862185 239.8862185 21.40249874 21.07283948 20.72972555 20.77942364 21.53140342 20.14846041 16.51954767 12.67191187 13.75082265 11.59286872 26.57492054 0.05154745457 0.05014751796 0.004208394370 0.1352455940 6.546234489 4.449591232 29.58324839 32.80698668 33.92236430 49.38006898 50.94239483 80.13320445 82.10061045 239.8880504 109.3282362 119.4879089 124.1681698 136.3890422 189.2499287 211.4526961 333.1649047 339.2219745 336.4140967 351.0464798 303.5695423 367.6038172 377.1643586 384.9940708 397.6531561 406.9848433 407.7374077 414.5410816 418.5300913 419.4898601 438.2470525 488.9705752 507.4767119 527.9491599 546.6396037 693.9393812 971.4637924 1097.401352 1114.959600 1194.519170 1294.876237 1503.954127 1579.734103 1609.098110 1816.470465 2219.310691 2211.593539 3172.620173 3450.547723 3911.565291 4665.179208 6173.890766 6179.778574 6168.801011 6168.501091 6257.830478 6288.808977 13656.24737 18109.11751 21607.27934 32733.26925 43903.09260 52046.85242 58002.63766 88854.92413 149897.2770 190665.0800 474287.3478 441522.6570 653557.1220 780586.7631 764107.6372 676983.3428 1218297.881 1775492.520 2238099.675 2958151.148 3219966.025 4176695.378 5795811.305 7149043.000 11730093.52 17882785.76 33768609.55 92567102.62 603306703.2
      sorted:	 0.004208394370 0.05014751796 0.05154745457 0.1352455940 4.449591232 6.546234489 11.59286872 12.67191187 13.75082265 16.51954767 20.14846041 20.72972555 20.77942364 21.07283948 21.40249874 21.53140342 26.57492054 29.58324839 32.80698668 33.92236430 49.38006898 50.94239483 80.13320445 82.10061045 109.3282362 119.4879089 124.1681698 136.3890422 189.2499287 211.4526961 239.8862185 239.8862185 239.8862185 239.8862185 239.8862185 239.8862185 239.8862185 239.8862185 239.8862185 239.8862185 239.8862185 239.8880504 303.5695423 333.1649047 336.4140967 339.2219745 351.0464798 367.6038172 377.1643586 384.9940708 397.6531561 406.9848433 407.7374077 414.5410816 418.5300913 419.4898601 438.2470525 488.9705752 507.4767119 527.9491599 546.6396037 693.9393812 971.4637924 1097.401352 1114.959600 1194.519170 1294.876237 1503.954127 1579.734103 1609.098110 1816.470465 2211.593539 2219.310691 3172.620173 3450.547723 3911.565291 4665.179208 6168.501091 6168.801011 6173.890766 6179.778574 6257.830478 6288.808977 13656.24737 18109.11751 21607.27934 32733.26925 43903.09260 52046.85242 58002.63766 88854.92413 149897.2770 190665.0800 441522.6570 474287.3478 653557.1220 676983.3428 764107.6372 780586.7631 1218297.881 1775492.520 2238099.675 2958151.148 3219966.025 4176695.378 5795811.305 7149043.000 11730093.52 17882785.76 33768609.55 92567102.62 603306703.2
