    unsorted:	 0.03170745711 0.03326790876 0.01997400045 0.001948692347 0.08280174425 0.1411841918 0.1312224268 0.1703083110 0.1995418372 0.3550171176 0.4973110216 1.058666858 1.353472464 1.543359741 3.055022562 5.081215978 7.961239414 8.525068474 13.24482540 15.43865103 21.84566693 24.32807652 25.84539451 31.74205409 248.7477562 248.6342294 249.1333500 249.2996373 249.6542714 247.7655234 252.0108128 252.6493188 245.4655234 244.7042649 239.8174137 231.9311785 227.9345729 222.3758329 219.1577020 213.6556360 267.0955836 202.8223205 186.6326607 185.6096879 187.4205545 169.8409557 283.1448395 155.2177639 141.0756030 138.0103629 132.3628228 51.42180575 46.69336449 47.03597987 79.81175937 73.09172320 97.71416578 297.9863849 316.5701852 319.1861417 330.4804712 334.5241175 342.9595123 353.2580457 379.8957999 383.7780813 387.3519339 400.9305087 408.2635215 417.0740386 423.1277889 433.1834184 435.5998546 451.6388791 460.9643843 462.4344552 469.3222266 490.6573575 509.4169414 522.9123032 556.3139617 568.3181656 587.3199171 603.7859727 632.4294297 660.8554028 670.7865704 723.2168865 731.8109531 791.2425808 842.1305432 871.9112352 888.4711723 922.7267603 933.0378512 977.5045518 1007.113629 1021.666168 1195.255931 1266.250090 1333.118684 1444.030732 1473.621980 1549.888204 6168.493254 6168.491587 6168.497849 6168.510063 6168.523730 6168.477664 6168.502450 6168.502746 6168.536601 6168.459231 6168.550892 6168.545255 6168.448231 6168.571239 6168.577834 6168.423494 6168.596302 6168.402045 6168.606394 6168.347801 6168.649859 6168.680748 6168.728595 6168.794464 6168.054266 6169.018311 6169.578230 1657.060070 1688.201266 6165.653309 6171.755055 1857.464084 1902.898707 1982.401114 2026.278093 2175.218593 2366.461421 2432.029862 2510.318988 2634.756671 2795.896030 2898.339135 6232.264840 3269.764297 3945.928363 5856.233849 4464.406027 8198.362194 9787.334185 14022.98355 16382.23372 19423.63087 26087.20413 38221.64700 133920.6363 281715.4629 4025871.462
      sorted:	 0.001948692347 0.01997400045 0.03170745711 0.03326790876 0.08280174425 0.1312224268 0.1411841918 0.1703083110 0.1995418372 0.3550171176 0.4973110216 1.058666858 1.353472464 1.543359741 3.055022562 5.081215978 7.961239414 8.525068474 13.24482540 15.43865103 21.84566693 24.32807652 25.84539451 31.74205409 46.69336449 47.03597987 51.42180575 73.09172320 79.81175937 97.71416578 132.3628228 138.0103629 141.0756030 155.2177639 169.8409557 185.6096879 186.6326607 187.4205545 202.8223205 213.6556360 219.1577020 222.3758329 227.9345729 231.9311785 239.8174137 244.7042649 245.4655234 247.7655234 248.6342294 248.7477562 249.1333500 249.2996373 249.6542714 252.0108128 252.6493188 267.0955836 283.1448395 297.9863849 316.5701852 319.1861417 330.4804712 334.5241175 342.9595123 353.2580457 379.8957999 383.7780813 387.3519339 400.9305087 408.2635215 417.0740386 423.1277889 433.1834184 435.5998546 451.6388791 460.9643843 462.4344552 469.3222266 490.6573575 509.4169414 522.9123032 556.3139617 568.3181656 587.3199171 603.7859727 632.4294297 660.8554028 670.7865704 723.2168865 731.8109531 791.2425808 842.1305432 871.9112352 888.4711723 922.7267603 933.0378512 977.5045518 1007.113629 1021.666168 1195.255931 1266.250090 1333.118684 1444.030732 1473.621980 1549.888204 1657.060070 1688.201266 1857.464084 1902.898707 1982.401114 2026.278093 2175.218593 2366.461421 2432.029862 2510.318988 2634.756671 2795.896030 2898.339135 3269.764297 3945.928363 4464.406027 5856.233849 6165.653309 6168.054266 6168.347801 6168.402045 6168.423494 6168.448231 6168.459231 6168.477664 6168.491587 6168.493254 6168.497849 6168.502450 6168.502746 6168.510063 6168.523730 6168.536601 6168.545255 6168.550892 6168.571239 6168.577834 6168.596302 6168.606394 6168.649859 6168.680748 6168.728595 6168.794464 6169.018311 6169.578230 6171.755055 6232.264840 8198.362194 9787.334185 14022.98355 16382.23372 19423.63087 26087.20413 38221.64700 133920.6363 281715.4629 4025871.462
