    unsorted:	 0.04293751714 0.04605888302 0.03323178162 0.06938627562 0.1012802016 0.09628723968 0.1048164320 0.005860966700 0.01070829841 0.5060663851 0.5137430316 0.7527900274 1.047148893 1.401733830 2.166843235 6.933582761 9.328179513 7.886974120 11.58969380 18.25167226 18.24816265 23.05554699 22.44046460 24.55064042 25.32439914 30.06822636 47.16259784 57.28899120 60.41502842 98.69944011 123.8506024 119.4833173 129.1094019 160.4471729 176.2877281 204.1448852 241.8195782 252.4127812 266.6914616 291.5889555 294.0017702 279.2172403 307.4177998 305.3990738 312.4340680 315.6063402 317.1321662 320.7925981 321.5024184 322.8559041 329.7996593 355.0188674 6168.534181 6168.536761 6168.540039 6168.542400 6168.544078 6168.549183 6168.504053 6168.513284 6168.526167 6168.502790 6168.502751 6168.555929 6168.559858 6168.486958 6168.481374 6168.567308 6168.576740 6168.585571 6168.598393 6168.442665 6168.624781 6168.378790 6168.664981 6168.747170 6168.862106 6169.136298 6167.821954 6169.814562 598.6283461 611.5621417 661.7806182 6172.236426 710.5397931 788.8692025 766.5321863 953.8039329 914.4774417 1170.392869 1906.832722 2066.592706 6214.059980 4247.748722 29682.01009 56821.56120
      sorted:	 0.005860966700 0.01070829841 0.03323178162 0.04293751714 0.04605888302 0.06938627562 0.09628723968 0.1012802016 0.1048164320 0.5060663851 0.5137430316 0.7527900274 1.047148893 1.401733830 2.166843235 6.933582761 7.886974120 9.328179513 11.58969380 18.24816265 18.25167226 22.44046460 23.05554699 24.55064042 25.32439914 30.06822636 47.16259784 57.28899120 60.41502842 98.69944011 119.4833173 123.8506024 129.1094019 160.4471729 176.2877281 204.1448852 241.8195782 252.4127812 266.6914616 279.2172403 291.5889555 294.0017702 305.3990738 307.4177998 312.4340680 315.6063402 317.1321662 320.7925981 321.5024184 322.8559041 329.7996593 355.0188674 598.6283461 611.5621417 661.7806182 710.5397931 766.5321863 788.8692025 914.4774417 953.8039329 1170.392869 1906.832722 2066.592706 4247.748722 6167.821954 6168.378790 6168.442665 6168.481374 6168.486958 6168.502751 6168.502790 6168.504053 6168.513284 6168.526167 6168.534181 6168.536761 6168.540039 6168.542400 6168.544078 6168.549183 6168.555929 6168.559858 6168.567308 6168.576740 6168.585571 6168.598393 6168.624781 6168.664981 6168.747170 6168.862106 6169.136298 6169.814562 6172.236426 6214.059980 29682.01009 56821.56120
